gam=175881998755.578;%rad/(s.T)
ele=1.60200000000000e-19;%[C]
mu_0=1.25663706143592e-06;%T.m/A
mub=9.274e-24;%[J/T]bohr magneton
hbar=6.58211971233181e-16;%eV.s
kb=1.38e-23;%[J/K]boltzman constant
